     0: 4c 00 00 00 00 00 00 00 00 00 00 00 00 00 00 00 : L...............
    16: 00 00 00 00 00 00 00 00 00 00 00 00 00 00 00 00 : ................
    32: 00 00 00 00 00 00 00 00 00 00 00 00 00 00 00 00 : ................
    48: 00 00 00 00 00 00 00 00 00 00 00 00 00 00 00 00 : ................
    64: 00 00 00 00 00 00 00 00 00 00 00 00 00 00 00 00 : ................
    80: 00 00 00 00 00 00 00 00 00 00 00 00 00 00 00 00 : ................
    96: 00 00 00 00 00 00 00 00 00 00 00 00 00 00 00 00 : ................
   112: 00 00 00 00 00 00 00 00 00 00 00 00 00 00 00 00 : ................
   128: 00 00 00 00 00 00 00 00 00 00 00 00 00 00 00 00 : ................
   144: 00 00 00 00 00 00 00 00 00 00 00 00 00 00 00 00 : ................
   160: 00 00 00 00 00 00 00 00 00 00 00 00 00 00 00 00 : ................
   176: 00 00 00 00 00 00 00 00 00 00 00 00 00 00 00 00 : ................
   192: 00 00 00 00 00 00 00 00 00 00 00 00 00 00 00 00 : ................
   208: 00 00 00 00 00 00 00 00 00 00 00 00 00 00 00 00 : ................
   224: 00 00 00 00 00 00 00 00 00 00 00 00 00 00 00 00 : ................
   240: 00 00 00 00 00 00 00 00 00 00 00 00 00 00 00 00 : ................
   256: 00 00 00 00 00 00 00 00 00 00 00 00 00 00 00 00 : ................
   272: 00 00 00 00 00 00 00 00 00 00 00 00 00 00 00 00 : ................
   288: 00 00 00 00 00 00 00 00 00 00 00 00 00 00 00 00 : ................
   304: 00 00 00 00 00 00 00 00 00 00 00 00 00 00 00 00 : ................
   320: 00 00 00 00 00 00 00 00 00 00 00 00 00 00 00 00 : ................
   336: 00 00 00 00 00 00 00 00 00 00 00 00 00 00 00 00 : ................
   352: 00 00 00 00 00 00 00 00 00 00 00 00 00 00 00 00 : ................
   368: 00 00 00 00 00 00 00 00 00 00 00 00 00 00 00 00 : ................
   384: 00 00 00 00 00 00 00 00 00 00 00 00 00 00 00 00 : ................
   400: 00 00 00 00 00 00 00 00 00 00 00 00 00 00 00 00 : ................
   416: 00 00 00 00 00 00 00 00 00 00 00 00 00 00 00 00 : ................
   432: 00 00 00 00 00 00 00 00 00 00 00 00 00 00 00 00 : ................
   448: 00 00 00 00 00 00 00 00 00 00 00 00 00 00 00 00 : ................
   464: 00 00 00 00 00 00 00 00 00 00 00 00 00 00 00 00 : ................
   480: 00 00 00 00 00 00 00 00 00 00 00 00 00 00 00 00 : ................
   496: 00 00 00 00 00 00 00 00 00 00 00 00 00 00 00 00 : ................
   512: 00 00 00 00 00 00 00 00 00 00 00 00 00 00 00 00 : ................
   528: 00 00 00 00 00 00 00 00 00 00 00 00 00 00 00 00 : ................
   544: 00 00 00 00 00 00 00 00 00 00 00 00 00 00 00 00 : ................
   560: 00 00 00 00 00 00 00 00 00 00 00 00 00 00 00 00 : ................
   576: 00 00 00 00 00 00 00 00 00 00 00 00 00 00 00 00 : ................
   592: 00 00 00 00 00 00 00 00 00 00 00 00 00 00 00 00 : ................
   608: 00 00 00 00 00 00 00 00 00 00 00 00 00 00 00 00 : ................
   624: 00 00 00 00 00 00 00 00 00 00 00 00 00 00 00 00 : ................
   640: 00 00 00 00 00 00 00 00 00 00 00 00 00 00 00 00 : ................
   656: 00 00 00 00 00 00 00 00 00 00 00 00 00 00 00 00 : ................
   672: 00 00 00 00 00 00 00 00 00 00 00 00 00 00 00 00 : ................
   688: 00 00 00 00 00 00 00 00 00 00 00 00 00 00 00 00 : ................
   704: 00 00 00 00 00 00 00 00 00 00 00 00 00 00 00 00 : ................
   720: 00 00 00 00 00 00 00 00 00 00 00 00 00 00 00 00 : ................
   736: 00 00 00 00 00 00 00 00                         : ........