32
16
11111111000011111010111111011000
01100010111010111110110110100101
10011101001001101010010100010011
11010011100000001110011000010001
01100101001011101000111011101110
01001101111000000010100101111010
00000100111001010110010000010001
01011010010000010101001000010100
00000010100111100010101110011000
11011011101100000100000011001000
11110111101011001101001011000001
10111001000011010110110001110001
00000110010001010001101010110101
10101010000011010010110001101100
00001111101101111111110001110001
11010110001100000111010010011000