8
8
101011111
[10110110][00001111][00111101][01001001][10101000][10110011][10000100][00111011]
[11011011][11000100][00101000][10000111][00100110][00110101][10000110][10100100]
[01101111][01011111][01110100][01010001][00101101][11100011][00111001][00100011]
[00001100][10110100][10011010][11011001][01101001][01111100][11001001][11111101]
[10101010][01011110][01111010][00100011][10000011][00110100][00100111][11101101]
[00110010][00111100][10011100][01110101][01110000][11110100][10101011][00011011]
[10101011][10000100][01111100][10010100][11111101][10000111][00110100][11100100]
[01011010][11101001][11100000][10110001][01000101][01010001][11001010][10101011]
[10000001]
[01000100]
[01000100]
[11100000]
[00101010]
[01000101]
[11100010]
[11110011]